[[23.38 54.65 67.1  78.   81.31 94.1 ]
 [21.76 51.89 66.4  67.9  77.55 90.8 ]
 [ 0.    0.    0.    0.    0.    0.  ]
 [ 0.    0.    0.    0.    0.    0.  ]]
DAC DA CALIBRATION CURVE:

[[176.54693645 389.88573185 475.05933907 549.65701653 572.31344787
  659.86930538]
 [177.46749525 394.72943366 499.7326164  510.59125937 580.45933561
  676.41399388]
 [  0.           0.           0.           0.           0.
    0.        ]
 [  0.           0.           0.           0.           0.
    0.        ]]

DAC DA e- CON K DA TESI:

[[160.         377.02970297 480.0990099  561.48514851 596.73267327
  716.13861386]
 [160.         377.02970297 480.0990099  561.48514851 596.73267327
  716.13861386]
 [  0.           0.           0.           0.           0.
    0.        ]
 [  0.           0.           0.           0.           0.
    0.        ]]

DAC DA e- CON K DA ANALISI:

[[177.19298246 417.54385965 531.68859649 621.82017544 660.85526316
  793.09210526]
 [177.97356828 419.38325991 534.030837   624.55947137 663.76651982
  796.58590308]
 [  0.           0.           0.           0.           0.
    0.        ]
 [  0.           0.           0.           0.           0.
    0.        ]]
