[[23.38 54.65 67.1  78.   81.31 94.1 ]
 [21.76 51.89 66.4  67.9  77.55 90.8 ]
 [ 0.    0.    0.    0.    0.    0.  ]
 [ 0.    0.    0.    0.    0.    0.  ]]
DAC DA CALIBRATION CURVE:

[[178.41169872 403.01692331 492.99368199 571.8355568  595.78553563
  688.35414111]
 [179.49697435 415.28752756 530.00098299 541.87145421 618.27215624
  723.24326927]
 [  0.           0.           0.           0.           0.
    0.        ]
 [  0.           0.           0.           0.           0.
    0.        ]]

DAC DA e- CON K DA TESI:

[[160.         377.02970297 480.0990099  561.48514851 596.73267327
  716.13861386]
 [160.         377.02970297 480.0990099  561.48514851 596.73267327
  716.13861386]
 [  0.           0.           0.           0.           0.
    0.        ]
 [  0.           0.           0.           0.           0.
    0.        ]]

DAC DA e- CON K DA ANALISI:

[[179.09786102 422.0325834  537.40441095 628.50493184 667.95965865
  801.61808711]
 [180.55865922 425.47486034 541.7877095  633.63128492 673.40782123
  808.15642458]
 [  0.           0.           0.           0.           0.
    0.        ]
 [  0.           0.           0.           0.           0.
    0.        ]]
