[[23.38 54.65 67.1  78.   81.31 94.1 ]
 [21.76 51.89 66.4  67.9  77.55 90.8 ]
 [ 0.    0.    0.    0.    0.    0.  ]
 [ 0.    0.    0.    0.    0.    0.  ]]
DAC DA CALIBRATION CURVE:

[[178.40003374 390.59186835 475.22207553 549.33371115 571.84130896
  658.81829289]
 [179.10069115 393.37111076 496.78108706 507.47352638 576.268019
  670.73984407]
 [  0.           0.           0.           0.           0.
    0.        ]
 [  0.           0.           0.           0.           0.
    0.        ]]

DAC DA e- CON K DA TESI:

[[160.         377.02970297 480.0990099  561.48514851 596.73267327
  716.13861386]
 [160.         377.02970297 480.0990099  561.48514851 596.73267327
  716.13861386]
 [  0.           0.           0.           0.           0.
    0.        ]
 [  0.           0.           0.           0.           0.
    0.        ]]

DAC DA e- CON K DA ANALISI:

[[179.09786102 422.0325834  537.40441095 628.50493184 667.95965865
  801.61808711]
 [179.95545657 424.05345212 539.97772829 631.51447661 671.15812918
  805.45657016]
 [  0.           0.           0.           0.           0.
    0.        ]
 [  0.           0.           0.           0.           0.
    0.        ]]
