[[23.38 54.65 67.1  78.   81.31 94.1 ]
 [21.76 51.89 66.4  67.9  77.55 90.8 ]
 [ 0.    0.    0.    0.    0.    0.  ]
 [ 0.    0.    0.    0.    0.    0.  ]]
DAC DA CALIBRATION CURVE:

[[180.1169331  430.0809422  530.91261095 619.34703481 646.220608
  750.11834872]
 [179.10069115 393.37111076 496.78108706 507.47352638 576.268019
  670.73984407]
 [  0.           0.           0.           0.           0.
    0.        ]
 [  0.           0.           0.           0.           0.
    0.        ]]

DAC DA e- CON K DA TESI:

[[160.         377.02970297 480.0990099  561.48514851 596.73267327
  716.13861386]
 [160.         377.02970297 480.0990099  561.48514851 596.73267327
  716.13861386]
 [  0.           0.           0.           0.           0.
    0.        ]
 [  0.           0.           0.           0.           0.
    0.        ]]

DAC DA e- CON K DA ANALISI:

[[180.80107407 426.04609532 542.51510405 634.48198702 674.31192661
  809.24144104]
 [179.95545657 424.05345212 539.97772829 631.51447661 671.15812918
  805.45657016]
 [  0.           0.           0.           0.           0.
    0.        ]
 [  0.           0.           0.           0.           0.
    0.        ]]
