[[23.38 54.65 67.1  78.   81.31 94.1 ]
 [21.76 51.89 66.4  67.9  77.55 90.8 ]
 [ 0.    0.    0.    0.    0.    0.  ]
 [ 0.    0.    0.    0.    0.    0.  ]]
DAC DA CALIBRATION CURVE:

[[180.24720167 429.46347901 529.92035161 618.01657078 644.78622043
  748.2786536 ]
 [177.68189322 408.36805583 519.97603099 531.51855407 605.78928837
  707.79497933]
 [  0.           0.           0.           0.           0.
    0.        ]
 [  0.           0.           0.           0.           0.
    0.        ]]

DAC DA e- CON K DA TESI:

[[160.         377.02970297 480.0990099  561.48514851 596.73267327
  716.13861386]
 [160.         377.02970297 480.0990099  561.48514851 596.73267327
  716.13861386]
 [  0.           0.           0.           0.           0.
    0.        ]
 [  0.           0.           0.           0.           0.
    0.        ]]

DAC DA e- CON K DA ANALISI:

[[180.94278356 426.38002463 542.94032023 634.97928563 674.8404434
  809.87571381]
 [178.18943654 419.89193957 534.67857537 625.317014   664.5716176
  797.55210056]
 [  0.           0.           0.           0.           0.
    0.        ]
 [  0.           0.           0.           0.           0.
    0.        ]]
